Version 0.9.7
5
 4 10 175 77 128 0 1
 5 78 354 206 81 2 2
 0 110 110 877 276 8 3
 1 267 424 206 81 140 4
 3 297 36 203 58 150 5
 0
15
 255 5 71 189 71 189 71 124 71 124 163 124 163 124 0 1 0 3
 255 5 267 176 267 176 267 176 267 124 267 124 267 124 0 3 0 3
 0 5 71 288 71 288 71 358 71 358 163 358 163 358 0 1 0 3
 0 5 282 493 282 493 176 493 176 493 176 358 176 358 0 4 0 3
 255 5 282 435 282 435 163 435 163 435 163 371 163 371 0 4 0 3
 255 5 930 124 930 124 973 124 973 371 930 371 930 371 0 3 0 3
 0 5 930 137 930 137 966 137 966 358 930 358 930 358 0 3 0 3
 0 5 345 319 345 319 345 319 345 358 345 358 345 358 0 3 0 3
 16711808 5 293 280 293 280 483 280 483 280 483 80 483 80 0 3 0 5
 16711808 5 332 293 332 293 463 293 463 293 463 80 463 80 0 3 0 5
 65793 5 308 73 308 73 308 137 308 137 306 137 306 137 0 5 0 3
 16711680 5 342 435 342 435 342 404 267 404 267 319 267 319 0 4 0 3
 16711680 5 380 435 380 435 380 393 280 393 280 319 280 319 0 4 0 3
 65280 5 361 435 361 435 361 382 306 382 306 319 306 319 0 4 0 3
 65280 5 380 448 380 448 390 448 390 319 319 319 319 319 0 4 0 3
1
 7032 1 14 261 228 5 0 8583492 0 3
