Version 0.9.7
6
 4 10 175 77 128 0 1
 5 80 400 206 81 2 2
 0 102 166 877 276 8 3
 1 219 456 206 81 140 5
 6 348 17 449 130 150 7
 3 748 472 203 58 193 9
 0
61
 255 5 71 189 71 189 71 180 71 180 155 180 155 180 0 1 0 3
 255 5 922 180 922 180 972 180 972 427 922 427 922 427 0 3 0 3
 65793 5 922 193 922 193 962 193 962 414 922 414 922 414 0 3 0 3
 65793 5 71 288 71 288 71 414 71 414 155 414 155 414 0 1 0 3
 65793 5 234 525 234 525 168 525 168 525 168 414 168 414 0 5 0 3
 255 5 234 467 234 467 234 427 234 427 233 427 233 427 0 5 0 3
 255 5 194 232 194 232 194 232 194 180 194 180 194 180 0 3 0 3
 255 5 311 232 311 232 311 232 311 180 311 180 311 180 0 3 0 3
 255 5 364 44 364 44 334 44 334 180 402 180 402 180 0 7 0 3
 0 5 272 375 272 375 272 375 272 414 272 414 272 414 0 3 0 3
 0 5 389 375 389 375 389 375 389 414 389 414 389 414 0 3 0 3
 0 5 506 375 506 375 506 375 506 414 506 414 506 414 0 3 0 3
 0 5 649 375 649 375 649 375 649 414 649 414 649 414 0 3 0 3
 255 5 558 232 558 232 558 232 558 180 558 180 558 180 0 3 0 3
 255 5 428 232 428 232 428 232 428 180 428 180 428 180 0 3 0 3
 255 5 688 232 688 232 688 232 688 232 688 180 688 180 0 3 0 3
 65793 5 779 375 779 375 779 375 779 414 779 414 779 414 0 3 0 3
 255 5 610 375 610 375 610 375 610 427 610 427 610 427 0 3 0 3
 255 5 714 375 714 375 714 375 714 427 714 427 714 427 0 3 0 3
 255 5 740 375 740 375 740 375 740 427 740 427 740 427 0 3 0 3
 255 5 584 375 584 375 584 375 584 427 584 427 584 427 0 3 0 3
 0 5 753 375 753 375 753 375 753 414 753 414 753 414 0 3 0 3
 0 5 623 375 623 375 623 375 623 414 623 414 623 414 0 3 0 3
 16711680 5 275 467 275 467 194 467 194 467 194 375 194 375 0 5 0 3
 16711680 5 313 467 313 467 313 453 220 453 220 375 220 375 0 5 0 3
 16711680 5 351 467 351 467 351 439 246 439 246 375 246 375 0 5 0 3
 16711680 5 207 336 207 336 207 336 311 336 311 336 311 336 0 3 0 3
 16711680 5 311 349 311 349 311 349 363 349 363 349 363 349 0 3 0 3
 65280 5 351 480 351 480 351 448 428 448 428 375 428 375 0 5 0 3
 65280 5 428 336 428 336 428 329 766 329 766 336 766 336 0 3 0 3
 16711680 5 389 467 389 467 441 467 441 467 441 375 441 375 0 5 0 3
 65280 5 454 349 454 349 454 349 688 349 688 349 688 349 0 3 0 3
 65280 5 275 480 275 480 275 486 701 486 701 375 701 375 0 5 0 3
 16512 5 649 232 649 232 649 140 649 140 645 140 645 140 0 3 0 7
 16512 5 766 232 766 232 761 232 761 164 736 164 736 140 0 3 0 7
 16512 5 636 232 636 232 636 140 636 140 632 140 632 140 0 3 0 7
 16512 5 753 232 755 232 755 189 723 189 723 140 723 140 0 3 0 7
 16512 5 623 232 623 232 623 140 623 140 619 140 619 140 0 3 0 7
 16512 5 610 232 610 232 610 140 610 140 606 140 606 140 0 3 0 7
 16512 5 740 232 736 232 736 171 710 171 710 140 710 140 0 3 0 7
 16512 5 727 232 727 232 727 204 694 204 694 140 697 140 0 3 0 7
 16512 5 597 232 597 232 597 140 597 140 593 140 593 140 0 3 0 7
 16512 5 714 245 714 245 714 219 784 219 784 140 775 140 0 3 0 7
 16512 5 584 245 584 245 584 238 671 238 671 140 671 140 0 3 0 7
 16512 5 701 271 701 271 701 252 770 252 770 140 762 140 0 3 0 7
 16512 5 571 271 571 271 571 264 658 264 658 140 658 140 0 3 0 7
 16711680 5 337 362 337 362 337 362 571 362 571 362 571 362 0 3 0 3
 4227327 5 376 375 376 375 376 375 558 375 558 375 558 375 0 3 0 3
 4227327 5 324 362 324 362 324 362 259 362 259 362 259 362 0 3 0 3
 16711935 5 233 375 233 375 233 375 350 375 350 375 350 375 0 3 0 3
 4227327 5 324 336 324 336 324 336 636 336 636 336 636 336 0 3 0 3
 16512 5 749 140 749 140 749 271 749 271 779 271 779 271 0 7 0 3
 0 5 759 509 759 509 727 509 727 509 727 414 727 414 0 9 0 3
 16711808 5 766 375 766 385 946 385 946 515 934 515 934 516 0 3 0 9
 16711808 5 688 375 688 375 953 375 953 526 914 526 914 516 0 3 0 9
 16711808 5 701 362 701 362 982 362 982 534 894 534 894 516 0 3 0 9
 16711808 5 753 349 753 349 991 349 991 542 874 542 874 516 0 3 0 9
 12615680 5 636 375 636 375 636 534 854 534 854 516 854 516 0 3 0 9
 12615680 5 558 362 558 362 558 546 834 546 834 516 834 516 0 3 0 9
 12615680 5 571 375 571 375 571 558 814 558 814 516 814 516 0 3 0 9
 12615680 5 623 362 623 362 617 362 617 516 794 516 794 516 0 3 0 9
5
 7004 1 14 188 284 5 0 8583492 0 3
 7008 1 14 305 284 5 0 8583492 0 3
 7032 1 14 422 284 5 0 8583492 0 3
 7047 1 16 552 284 5 0 0 0 3
 7047 1 16 682 284 5 0 8583492 0 3
